camera
{
	left = -16.0
	right = 16.0
	top = 12.0
	bottom = -12.0
	focal = 24
	near = 36
	far = 500
}
vertexes
{
	count = 8
	-0.5,-0.5,+0.5,1.0
	+0.5,-0.5,+0.5,1.0
	+0.5,+0.5,+0.5,1.0
	-0.5,+0.5,+0.5,1.0
	-0.5,-0.5,-0.5,1.0
	+0.5,-0.5,-0.5,1.0
	+0.5,+0.5,-0.5,1.0
	-0.5,+0.5,-0.5,1.0
}
faces
{
	count = 12
	0,1,2
	0,2,3
	1,5,6
	1,6,2
	5,4,7
	5,7,6
	4,0,3
	4,3,7
	3,2,6
	3,6,7
	4,5,1
	4,1,0
}
facecolor
{
	0,0,0
	0,0,0
	0,0,255
	0,0,255
	255,0,0
	255,0,0
	0,255,0
	0,255,0
	100,100,100
	100,100,100
	255,255,0
	255,255,0
}
texturecoordinates
{
	0.0,1.0
	1.0,1.0
	1.0,0.0
	0.0,1.0
	1.0,0.0
	0.0,0.0
	0.0,1.0
	1.0,1.0
	1.0,0.0
	0.0,1.0
	1.0,0.0
	0.0,0.0
	0.0,1.0
	1.0,1.0
	1.0,0.0
	0.0,1.0
	1.0,0.0
	0.0,0.0
	0.0,1.0
	1.0,1.0
	1.0,0.0
	0.0,1.0
	1.0,0.0
	0.0,0.0
	0.0,1.0
	1.0,1.0
	1.0,0.0
	0.0,1.0
	1.0,0.0
	0.0,0.0
	0.0,1.0
	1.0,1.0
	1.0,0.0
	0.0,1.0
	1.0,0.0
	0.0,0.0
}